 X,Z, ABSORPTION COEFFICIENT
 m,m, 1/m
 0.00000E+00, 0.60000E+01, 0.23101E+00
 0.30000E+00, 0.60000E+01, 0.23101E+00
 0.60000E+00, 0.60000E+01, 0.23103E+00
 0.90000E+00, 0.60000E+01, 0.23101E+00
 0.00000E+00, 0.63000E+01, 0.23101E+00
 0.30000E+00, 0.63000E+01, 0.23101E+00
 0.60000E+00, 0.63000E+01, 0.23103E+00
 0.90000E+00, 0.63000E+01, 0.23101E+00
 0.00000E+00, 0.66000E+01, 0.23102E+00
 0.30000E+00, 0.66000E+01, 0.23102E+00
 0.60000E+00, 0.66000E+01, 0.23103E+00
 0.90000E+00, 0.66000E+01, 0.23102E+00
 0.00000E+00, 0.69000E+01, 0.23100E+00
 0.30000E+00, 0.69000E+01, 0.23100E+00
 0.60000E+00, 0.69000E+01, 0.23101E+00
 0.90000E+00, 0.69000E+01, 0.23100E+00
