 X,Z, ABSORPTION COEFFICIENT
 m,m, 1/m
 0.00000E+00, 0.00000E+00, 0.30522E+00
 0.30000E+00, 0.00000E+00, 0.30522E+00
 0.60000E+00, 0.00000E+00, 0.30522E+00
 0.90000E+00, 0.00000E+00, 0.30522E+00
 0.00000E+00, 0.30000E+00, 0.30522E+00
 0.30000E+00, 0.30000E+00, 0.30522E+00
 0.60000E+00, 0.30000E+00, 0.30522E+00
 0.90000E+00, 0.30000E+00, 0.30522E+00
 0.00000E+00, 0.60000E+00, 0.30522E+00
 0.30000E+00, 0.60000E+00, 0.30522E+00
 0.60000E+00, 0.60000E+00, 0.30522E+00
 0.90000E+00, 0.60000E+00, 0.30522E+00
 0.00000E+00, 0.90000E+00, 0.30522E+00
 0.30000E+00, 0.90000E+00, 0.30522E+00
 0.60000E+00, 0.90000E+00, 0.30522E+00
 0.90000E+00, 0.90000E+00, 0.30522E+00
