 X,Z, ABSORPTION COEFFICIENT
 m,m, 1/m
 0.00000E+00, 0.80000E+01, 0.16050E+00
 0.30000E+00, 0.80000E+01, 0.16050E+00
 0.60000E+00, 0.80000E+01, 0.16051E+00
 0.90000E+00, 0.80000E+01, 0.16050E+00
 0.00000E+00, 0.83000E+01, 0.16050E+00
 0.30000E+00, 0.83000E+01, 0.16050E+00
 0.60000E+00, 0.83000E+01, 0.16051E+00
 0.90000E+00, 0.83000E+01, 0.16050E+00
 0.00000E+00, 0.86000E+01, 0.16050E+00
 0.30000E+00, 0.86000E+01, 0.16050E+00
 0.60000E+00, 0.86000E+01, 0.16052E+00
 0.90000E+00, 0.86000E+01, 0.16050E+00
 0.00000E+00, 0.89000E+01, 0.16048E+00
 0.30000E+00, 0.89000E+01, 0.16048E+00
 0.60000E+00, 0.89000E+01, 0.16050E+00
 0.90000E+00, 0.89000E+01, 0.16048E+00
