 X,Z, ABSORPTION COEFFICIENT
 m,m, 1/m
 0.00000E+00, 0.40000E+01, 0.27274E+00
 0.30000E+00, 0.40000E+01, 0.27274E+00
 0.60000E+00, 0.40000E+01, 0.27274E+00
 0.90000E+00, 0.40000E+01, 0.27274E+00
 0.00000E+00, 0.43000E+01, 0.27274E+00
 0.30000E+00, 0.43000E+01, 0.27274E+00
 0.60000E+00, 0.43000E+01, 0.27274E+00
 0.90000E+00, 0.43000E+01, 0.27274E+00
 0.00000E+00, 0.46000E+01, 0.27274E+00
 0.30000E+00, 0.46000E+01, 0.27274E+00
 0.60000E+00, 0.46000E+01, 0.27274E+00
 0.90000E+00, 0.46000E+01, 0.27274E+00
 0.00000E+00, 0.49000E+01, 0.27274E+00
 0.30000E+00, 0.49000E+01, 0.27274E+00
 0.60000E+00, 0.49000E+01, 0.27274E+00
 0.90000E+00, 0.49000E+01, 0.27274E+00
