 X,Z, ABSORPTION COEFFICIENT
 m,m, 1/m
 0.00000E+00, 0.20000E+01, 0.30157E+00
 0.30000E+00, 0.20000E+01, 0.30157E+00
 0.60000E+00, 0.20000E+01, 0.30157E+00
 0.90000E+00, 0.20000E+01, 0.30157E+00
 0.00000E+00, 0.23000E+01, 0.30157E+00
 0.30000E+00, 0.23000E+01, 0.30157E+00
 0.60000E+00, 0.23000E+01, 0.30157E+00
 0.90000E+00, 0.23000E+01, 0.30157E+00
 0.00000E+00, 0.26000E+01, 0.30157E+00
 0.30000E+00, 0.26000E+01, 0.30157E+00
 0.60000E+00, 0.26000E+01, 0.30157E+00
 0.90000E+00, 0.26000E+01, 0.30157E+00
 0.00000E+00, 0.29000E+01, 0.30157E+00
 0.30000E+00, 0.29000E+01, 0.30157E+00
 0.60000E+00, 0.29000E+01, 0.30157E+00
 0.90000E+00, 0.29000E+01, 0.30157E+00
